Time[s], vd1.8V
-4.99952665, 1
-0.00360136, 0
0.00000008, 1
0.03308159, 0
0.03582917, 1
0.06898918, 0
0.06931656, 1
0.10247022, 0
0.10321008, 1
0.13635551, 0
0.13997669, 1
0.17312331, 0
0.17331904, 1
0.20646525, 0
0.20938464, 1
0.24253233, 0
0.24379269, 1
0.27692645, 0
0.27714712, 1
0.31028022, 0
0.31881734, 1
0.35195627, 0
0.35290915, 1
0.38604761, 0
0.38627792, 1
0.41940793, 0
0.41968074, 1
0.45279445, 0
0.45302694, 1
0.48614909, 0
0.48917498, 1
0.52230320, 0
0.52260694, 1
0.55572004, 0
0.55735181, 1
0.59046568, 0
0.59378612, 1
0.62690072, 0
0.62709443, 1
0.66020992, 0
0.66714331, 1
0.70025768, 0
0.70076542, 1
0.73387982, 0
0.73599398, 1
0.76910817, 0
0.76931234, 1
0.80243976, 0
0.80275222, 1
0.83588019, 0
0.83649806, 1
0.86962672, 0
0.87056610, 1
0.90369426, 0
0.90542409, 1
0.93855171, 0
0.93873447, 1
0.97185828, 0
0.97205940, 1
1.00518399, 0
1.00652810, 1
1.03965111, 0
1.04150901, 1
1.07463222, 0
1.07482468, 1
1.10794731, 0
1.10816344, 1
1.14128620, 0
1.14152990, 1
1.17464264, 0
1.17483779, 1
1.20795143, 0
1.20815444, 1
1.24126851, 0
1.24145352, 1
1.27458091, 0
1.27788430, 1
1.31101244, 0
1.31120094, 1
1.34433020, 0
1.34452298, 1
1.37765132, 0
1.37784435, 1
1.41099061, 0
1.41116357, 1
1.44431052, 0
1.44456314, 1
1.47770876, 0
1.47789379, 1
1.51104001, 0
1.51123029, 1
1.54437730, 0
1.54718111, 1
1.58032646, 0
1.58052237, 1
1.61366850, 0
1.62074509, 1
1.65389049, 0
1.65407796, 1
1.68722376, 0
1.68895254, 1
1.72209851, 0
1.72411939, 1
1.75726609, 0
1.75745748, 1
1.79060362, 0
1.79209935, 1
1.82524511, 0
1.82543548, 1
1.85858097, 0
1.86011317, 1
1.89325898, 0
1.89826906, 1
1.93141462, 0
1.93176032, 1
1.96490576, 0
1.96584975, 1
1.99899513, 0
1.99922763, 1
2.03237447, 0
2.03324414, 1
2.06639032, 0
2.06759569, 1
2.10074147, 0
2.10095729, 1
2.13410298, 0
2.13541309, 1
2.16855945, 0
2.17072982, 1
2.20387591, 0
2.20464543, 1
2.23779746, 0
2.24052448, 1
2.27367532, 0
2.27387363, 1
2.30702512, 0
2.30720496, 1
2.34035647, 0
2.34335721, 1
3.49208578, 0
3.49841258, 1
3.53155830, 0
3.53174929, 1
3.56490332, 0
3.56688163, 1
3.60003752, 0
3.60289637, 1
3.63604825, 0
3.63623852, 1
3.66939105, 0
3.67363142, 1
3.70678301, 0
3.70785886, 1
3.74100455, 0
3.74118604, 1
3.77433202, 0
3.77610013, 1
3.80924566, 0
3.80943313, 1
3.84258181, 0
3.84700200, 1
3.88015032, 0
3.88059643, 1
3.91374253, 0
3.91618783, 1
3.94933433, 0
3.95103717, 1
3.98418295, 0
3.98516583, 1
4.01831187, 0
4.01988012, 1
4.05302677, 0
4.05321355, 1
4.08635999, 0
4.08657352, 1
4.11971890, 0
4.11990071, 1
4.15304756, 0
4.15326493, 1
4.18641080, 0
4.18807360, 1
4.22121927, 0
4.22281034, 1
4.25595835, 0
4.25625250, 1
4.28939820, 0
4.29553512, 1
4.32868116, 0
4.33168074, 1
4.36482692, 0
4.36504108, 1
4.39818875, 0
4.40027889, 1
4.43342532, 0
4.43365799, 1
4.46680370, 0
4.46701860, 1
4.50016515, 0
4.50199639, 1
4.53512555, 0
4.53531989, 1
4.56844955, 0
4.57024704, 1
4.60337502, 0
4.60428874, 1
4.63741778, 0
4.63764149, 1
4.67075622, 0
4.67099136, 1
4.70410599, 0
4.70431374, 1
4.73742776, 0
4.73915673, 1
4.77227080, 0
4.77448649, 1
4.80761012, 0
4.80785346, 1
4.84097672, 0
4.84118637, 1
4.87430945, 0
4.87450235, 1
4.90762551, 0
4.91173070, 1
4.94485308, 0
4.94652375, 1
4.97964757, 0
4.97994808, 1
5.01307654, 0
5.01328860, 1
5.04641945, 0
5.04724893, 1
5.08037736, 0
5.08058763, 1
5.11371631, 0
5.11791448, 1
5.15104221, 0
5.15126313, 1
5.18437735, 0
5.18457233, 1
5.21768578, 0
5.21793430, 1
5.25104753, 0
5.25124229, 1
5.28435537, 0
5.28455160, 1
5.31766557, 0
5.31823929, 1
5.35135286, 0
5.35257919, 1
5.38570787, 0
5.38591094, 1
5.41903316, 0
5.42147310, 1
5.45459634, 0
5.45496249, 1
5.48808716, 0
5.48827312, 1
5.52141343, 0
5.52166394, 1
5.55480319, 0
5.55501921, 1
5.58815018, 0
5.58997953, 1
5.62311156, 0
5.62333019, 1
5.65647571, 0
5.65668884, 1
5.68983991, 0
5.69663851, 1
5.72978426, 0
5.73003697, 1
5.76318657, 0
5.76343444, 1
5.79658410, 0
5.79858835, 1
5.83174814, 0
5.83201235, 1
5.86509081, 0
5.86664872, 1
7.00548746, 0
7.00570304, 1
7.03878545, 0
7.03896594, 1
7.07212553, 0
7.07640609, 1
7.10955950, 0
7.10976152, 1
7.14290755, 0
7.14604028, 1
7.17918662, 0
7.17939438, 1
7.21253960, 0
7.21283348, 1
7.24597902, 0
7.24700400, 1
7.28013601, 0
7.28034357, 1
7.31347605, 0
7.31372690, 1
7.34686553, 0
7.34707450, 1
7.38021320, 0
7.38048418, 1
7.41361331, 0
7.41719146, 1
7.45030496, 0
7.45053308, 1
7.48365572, 0
7.48407967, 1
7.51720811, 0
7.51807790, 1
7.55119155, 0
7.55144407, 1
7.58455880, 0
7.58477122, 1
7.61788571, 0
7.61835739, 1
7.65147199, 0
7.65167720, 1
7.68479115, 0
7.68529002, 1
7.71840396, 0
7.71861514, 1
7.75172995, 0
7.75196542, 1
7.78509377, 0
7.78532404, 1
7.81845293, 0
7.81865980, 1
7.85178785, 0
7.85257148, 1
7.88570013, 0
7.88715465, 1
7.92028427, 0
7.92047565, 1
7.95359825, 0
7.95520317, 1
7.98832656, 0
7.98852017, 1
8.02164263, 0
8.02182294, 1
8.05494618, 0
8.06151444, 1
8.09463787, 0
8.09489973, 1
8.12802415, 0
8.13272444, 1
8.16583887, 0
8.16686489, 1
8.19997994, 0
8.20015295, 1
8.23326693, 0
8.23540306, 1
8.26853082, 0
8.26873491, 1
8.30186472, 0
8.30256695, 1
8.33569718, 0
8.33593488, 1
8.36906478, 0
8.36930878, 1
8.40245658, 0
8.40268019, 1
8.43582797, 0
8.43607833, 1
8.46922593, 0
8.46944259, 1
8.50259128, 0
8.50284523, 1
8.53599328, 0
8.53619901, 1
8.56934686, 0
8.56960167, 1
8.60274909, 0
8.60297206, 1
8.63611989, 0
8.63648645, 1
8.66963516, 0
8.66983686, 1
8.70298433, 0
8.70326071, 1
8.73640834, 0
8.73670156, 1
8.76984753, 0
8.77089248, 1
8.80403841, 0
8.80432750, 1
8.83747406, 0
8.83768352, 1
8.87082951, 0
8.87423310, 1
8.90737980, 0
8.90760354, 1
8.94075153, 0
8.94210961, 1
8.97525568, 0
8.97785299, 1
9.01100002, 0
9.01257390, 1
9.04572007, 0
9.04592685, 1
9.07907276, 0
9.07927065, 1
9.11241663, 0
9.11279067, 1
9.14593611, 0
9.14655345, 1
9.17970062, 0
9.18332016, 1
9.21647147, 0
9.21667032, 1
9.24982115, 0
9.25003281, 1
9.28318449, 0
9.28531759, 1
9.31846853, 0
9.31867929, 1
10.46887308, 0
10.46926117, 1
10.50240950, 0
10.50307291, 1
10.53622427, 0
10.53642409, 1
10.56957613, 0
10.56979898, 1
10.60294996, 0
10.60627944, 1
10.63943120, 0
10.64010644, 1
10.67325714, 0
10.67346144, 1
10.70660708, 0
10.70916466, 1
10.74231133, 0
10.74338404, 1
10.77652976, 0
10.77675841, 1
10.80990512, 0
10.81235579, 1
10.84550135, 0
10.84758938, 1
10.88073524, 0
10.88102619, 1
10.91417271, 0
10.91438101, 1
10.94752697, 0
10.94991802, 1
10.98306384, 0
10.98332344, 1
11.01646936, 0
11.01668049, 1
11.04982717, 0
11.05005431, 1
11.08320001, 0
11.08479117, 1
11.11793686, 0
11.11949143, 1
11.15263763, 0
11.15784856, 1
11.19099436, 0
11.19579199, 1
11.22893887, 0
11.22923409, 1
11.26237975, 0
11.26270946, 1
11.29585588, 0
11.29606854, 1
11.32921420, 0
11.32940540, 1
11.36255184, 0
11.36313722, 1
11.39628376, 0
11.39687396, 1
11.43002020, 0
11.43049421, 1
11.46364162, 0
11.46382704, 1
11.49695471, 0
11.49712979, 1
11.53025715, 0
11.53046023, 1
11.56358898, 0
11.56564019, 1
11.59876740, 0
11.59895604, 1
11.63207072, 0
11.63259103, 1
11.66570446, 0
11.66730473, 1
11.70041837, 0
11.70069996, 1
11.73381388, 0
11.73425985, 1
11.76738410, 0
11.76760496, 1
11.80072751, 0
11.80092598, 1
11.83404836, 0
11.84010879, 1
11.87323274, 0
11.87436594, 1
11.90748923, 0
11.91222013, 1
11.94534353, 0
11.94556317, 1
11.97869097, 0
11.97888790, 1
12.01201637, 0
12.01397839, 1
12.04710625, 0
12.04791519, 1
12.08104387, 0
12.08124692, 1
12.11437593, 0
12.11480931, 1
12.14792290, 0
12.14811564, 1
12.18122957, 0
12.18321794, 1
12.21633233, 0
12.21710617, 1
12.25021995, 0
12.25041847, 1
12.28353196, 0
12.28405873, 1
12.31717270, 0
12.31737428, 1
12.35050226, 0
12.35595683, 1
12.38907987, 0
12.38928446, 1
12.42240752, 0
12.42436816, 1
12.45749254, 0
12.45814842, 1
12.49128984, 0
12.49153371, 1
12.52467278, 0
12.52622454, 1
12.55935614, 0
12.55998628, 1
12.59311820, 0
12.59332014, 1
12.62646631, 0
12.62810390, 1
12.66125638, 0
12.66149041, 1
12.69463613, 0
12.69524280, 1
12.72839191, 0
12.73058033, 1
12.76373010, 0
12.76395635, 1
12.79711670, 0
12.79885944, 1
12.83193839, 0
12.83247792, 1
14.01549717, 0
14.01568994, 1
14.04896964, 0
14.04918619, 1
14.08234605, 0
14.08258667, 1
14.11573939, 0
14.12223325, 1
14.15538061, 0
14.15673504, 1
14.18988159, 0
14.19282315, 1
14.22596955, 0
14.22619754, 1
14.25934251, 0
14.25955033, 1
14.29268243, 0
14.29308225, 1
14.32621398, 0
14.32644339, 1
14.35958252, 0
14.36351801, 1
14.39665656, 0
14.39690986, 1
14.43003895, 0
14.43025465, 1
14.46336940, 0
14.46356052, 1
14.49668358, 0
14.49686037, 1
14.52999091, 0
14.53262892, 1
14.56574338, 0
14.56908108, 1
14.60219466, 0
14.60332424, 1
14.63644088, 0
14.63930525, 1
14.67241958, 0
14.67343319, 1
14.70654851, 0
14.70795804, 1
14.74107159, 0
14.74125976, 1
14.77437350, 0
14.77458165, 1
14.80771000, 0
14.81063486, 1
14.84376365, 0
14.84394479, 1
14.87707399, 0
14.87878082, 1
14.91190838, 0
14.91282842, 1
14.94595745, 0
14.94617428, 1
14.97929670, 0
14.98096799, 1
15.01409130, 0
15.01483000, 1
15.04795176, 0
15.05260277, 1
15.08572618, 0
15.08787798, 1
15.12100372, 0
15.12287072, 1
15.15599364, 0
15.15623477, 1
15.18934856, 0
15.18958650, 1
15.22269961, 0
15.22292416, 1
15.25603793, 0
15.25625179, 1
15.28938006, 0
15.28959508, 1
15.32272297, 0
15.32433298, 1
15.35746081, 0
15.35787723, 1
15.39100511, 0
15.39120337, 1
15.42434967, 0
15.42575239, 1
15.45889835, 0
15.45910344, 1
15.49224920, 0
15.49266196, 1
15.52580806, 0
15.52667151, 1
15.55981747, 0
15.56003499, 1
15.59318101, 0
15.59360373, 1
15.62674976, 0
15.62693265, 1
15.66008224, 0
15.66191334, 1
15.69505897, 0
15.69720390, 1
15.73034938, 0
15.73053526, 1
15.76368168, 0
15.76947771, 1
15.80262522, 0
15.80482389, 1
15.83796956, 0
15.83958010, 1
15.87272483, 0
15.87300984, 1
15.90615631, 0
15.90638730, 1
15.93953314, 0
15.93973554, 1
15.97288262, 0
15.97345416, 1
16.00659866, 0
16.00819832, 1
16.04134340, 0
16.04154134, 1
16.07468651, 0
16.07491742, 1
16.10806325, 0
16.10955314, 1
16.14270005, 0
16.14297900, 1
16.17612403, 0
16.17633625, 1
16.20948297, 0
16.20973867, 1
16.24288942, 0
16.24311144, 1
16.27626370, 0
16.27870210, 1
16.31185393, 0
16.31203615, 1
16.34518645, 0
16.34540604, 1
17.47894613, 0
17.47913113, 1
17.51227722, 0
17.51758920, 1
17.55074143, 0
17.55093697, 1
17.58408933, 0
17.58430149, 1
17.61745358, 0
17.61961713, 1
17.65276862, 0
17.65302142, 1
17.68617344, 0
17.68641204, 1
17.71955745, 0
17.71978134, 1
17.75292752, 0
17.75345459, 1
17.78660020, 0
17.78944115, 1
17.82258795, 0
17.82291348, 1
17.85605975, 0
17.85637053, 1
17.88951706, 0
17.88975729, 1
17.92290313, 0
17.92508619, 1
17.95823218, 0
17.96055333, 1
17.99369975, 0
17.99392090, 1
18.02706618, 0
18.02951219, 1
18.06265875, 0
18.06287373, 1
18.09601899, 0
18.09997698, 1
18.13312280, 0
18.13334404, 1
18.16648972, 0
18.16671501, 1
18.19986086, 0
18.20039048, 1
18.23353724, 0
18.23375689, 1
18.26690281, 0
18.26708802, 1
18.30023524, 0
18.30416180, 1
18.33730907, 0
18.33758992, 1
18.37073832, 0
18.37103242, 1
18.40418017, 0
18.40438763, 1
18.43753568, 0
18.43781109, 1
18.47095896, 0
18.47121516, 1
18.50434512, 0
18.50459702, 1
18.53772693, 0
18.53793844, 1
18.57106768, 0
18.57134579, 1
18.60447555, 0
18.60472280, 1
18.63783884, 0
18.63807728, 1
18.67119245, 0
18.67143848, 1
18.70455175, 0
18.70680933, 1
18.73992403, 0
18.74067341, 1
18.77379564, 0
18.77397815, 1
18.80710146, 0
18.80982752, 1
18.84295013, 0
18.84321409, 1
18.87633659, 0
18.87773554, 1
18.91085797, 0
18.91128963, 1
18.94441160, 0
18.94460383, 1
18.97773255, 0
18.97810007, 1
19.01122786, 0
19.01140486, 1
19.04453272, 0
19.05109746, 1
19.08422560, 0
19.08441417, 1
19.11754200, 0
19.11815992, 1
19.15127325, 0
19.15351381, 1
19.18662709, 0
19.18685164, 1
19.21996962, 0
19.22174730, 1
19.25486199, 0
19.25636779, 1
19.28948151, 0
19.28972639, 1
19.32284025, 0
19.32414615, 1
19.35727444, 0
19.35746383, 1
19.39058651, 0
19.39254266, 1
19.42566563, 0
19.42696921, 1
19.46009402, 0
19.46031698, 1
19.49345583, 0
19.50086440, 1
19.53400326, 0
19.53478886, 1
19.56792129, 0
19.56818365, 1
19.60131559, 0
19.60290816, 1
19.63605586, 0
19.63632915, 1
19.66948051, 0
19.67548234, 1
19.70862847, 0
19.70883794, 1
19.74198758, 0
19.74244699, 1
19.77559671, 0
19.77671219, 1
19.80987355, 0
19.81004500, 1
19.84312308, 0
19.84330756, 1
21.02693301, 0
21.03450304, 1
21.06758495, 0
21.06780257, 1
21.10096310, 0
21.10119154, 1
21.13434445, 0
21.13454982, 1
21.16769541, 0
21.16788910, 1
21.20103632, 0
21.20160875, 1
21.23475511, 0
21.23494149, 1
21.26808764, 0
21.27001422, 1
21.30314520, 0
21.30333748, 1
21.33646911, 0
21.33666476, 1
21.36980379, 0
21.37044644, 1
21.40358557, 0
21.40382293, 1
21.43695122, 0
21.43717644, 1
21.47029088, 0
21.47047831, 1
21.50360108, 0
21.50380087, 1
21.53692861, 0
21.53712015, 1
21.57023494, 0
21.57041442, 1
21.60352773, 0
21.60525946, 1
21.63837312, 0
21.63857909, 1
21.67169276, 0
21.67278480, 1
21.70589906, 0
21.70698970, 1
21.74010525, 0
21.74032775, 1
21.77344171, 0
21.77440494, 1
21.80753310, 0
21.80781028, 1
21.84093825, 0
21.84813942, 1
21.88126807, 0
21.88145450, 1
21.91458243, 0
21.91619829, 1
21.94932611, 0
21.95175049, 1
21.98487318, 0
21.98507639, 1
22.01819893, 0
22.01839264, 1
22.05151678, 0
22.05171379, 1
22.08483780, 0
22.08502619, 1
22.11814849, 0
22.12200482, 1
22.15512775, 0
22.15539835, 1
22.18851206, 0
22.18868841, 1
22.22180218, 0
22.22197980, 1
22.25509422, 0
22.25527745, 1
22.28840848, 0
22.29109638, 1
22.32422534, 0
22.32441407, 1
22.35754321, 0
22.36272912, 1
22.39586022, 0
22.39678613, 1
22.42993430, 0
22.43051282, 1
22.46393371, 0
22.46438569, 1
22.49753161, 0
22.49837377, 1
22.53152028, 0
22.53182209, 1
22.56496738, 0
22.56543489, 1
22.59858112, 0
22.59916671, 1
22.63231320, 0
22.63258267, 1
22.66572881, 0
22.66779891, 1
22.70094445, 0
22.70113845, 1
22.73428421, 0
22.73452527, 1
22.76767032, 0
22.77096217, 1
22.80410735, 0
22.80429060, 1
22.83743716, 0
22.84032909, 1
22.87347496, 0
22.87451071, 1
22.90765660, 0
22.91200629, 1
22.94515257, 0
22.94564888, 1
22.97879562, 0
22.97899839, 1
23.01214393, 0
23.01578465, 1
23.04893110, 0
23.05057689, 1
23.08372308, 0
23.08396962, 1
23.11711617, 0
23.12178549, 1
23.15493113, 0
23.15513119, 1
23.18827756, 0
23.18998803, 1
23.22313428, 0
23.22362250, 1
23.25677586, 0
23.25697405, 1
23.29012466, 0
23.29054658, 1
23.32369797, 0
23.32391917, 1
23.35707064, 0
23.35724648, 1
24.47243308, 0
24.47271519, 1
24.50620857, 0
24.51172072, 1
24.54487234, 0
24.54541149, 1
24.57856311, 0
24.58306206, 1
24.61621292, 0
24.61642685, 1
24.64957849, 0
24.64980204, 1
24.68295443, 0
24.68361042, 1
24.71675617, 0
24.71697044, 1
24.75011680, 0
24.75149441, 1
24.78464051, 0
24.78696602, 1
24.82011261, 0
24.82033923, 1
24.85348522, 0
24.85541318, 1
24.88855972, 0
24.88879827, 1
24.92194393, 0
24.92241022, 1
24.95555600, 0
24.95617820, 1
24.98932599, 0
24.98953439, 1
25.02267950, 0
25.02599089, 1
25.05913658, 0
25.05986923, 1
25.09301550, 0
25.09322230, 1
25.12636826, 0
25.13031541, 1
25.16346083, 0
25.16371965, 1
25.19686515, 0
25.19707964, 1
25.23022520, 0
25.23100354, 1
25.26414943, 0
25.26435919, 1
25.29750604, 0
25.29924430, 1
25.33239070, 0
25.33264513, 1
25.36579172, 0
25.36601390, 1
25.39916037, 0
25.39936661, 1
25.43251429, 0
25.43275155, 1
25.46589786, 0
25.46917848, 1
25.50230647, 0
25.50283075, 1
25.53595923, 0
25.53620342, 1
25.56933175, 0
25.56954476, 1
25.60267241, 0
25.60290360, 1
25.63601772, 0
25.63621441, 1
25.66932783, 0
25.67100809, 1
25.70412177, 0
25.70433565, 1
25.73744891, 0
25.73764779, 1
25.77077000, 0
25.77100119, 1
25.80412343, 0
25.80433333, 1
25.83745610, 0
25.83766842, 1
25.87079010, 0
25.87098864, 1
25.90411192, 0
25.90914520, 1
25.94226851, 0
25.94272757, 1
25.97585535, 0
25.97608954, 1
26.00921790, 0
26.00963949, 1
26.04276708, 0
26.04512150, 1
26.07824989, 0
26.07862685, 1
26.11175582, 0
26.11193664, 1
26.14505128, 0
26.14525292, 1
26.17836745, 0
26.17863890, 1
26.21175287, 0
26.21201620, 1
26.24513011, 0
26.25086798, 1
26.28398133, 0
26.28416907, 1
26.31728299, 0
26.31814402, 1
26.35127201, 0
26.35268071, 1
26.38580612, 0
26.38605894, 1
26.41918265, 0
26.41944915, 1
26.45257487, 0
26.45285780, 1
26.48599716, 0
26.48620694, 1
26.51934521, 0
26.52061876, 1
26.55375073, 0
26.55392769, 1
26.58705991, 0
26.58738914, 1
26.62053572, 0
26.62071474, 1
26.65386559, 0
26.65405526, 1
26.68720021, 0
26.69092447, 1
26.72407357, 0
26.72459367, 1
26.75774393, 0
26.75796620, 1
26.79112707, 0
26.79343716, 1
26.82651606, 0
26.82698847, 1
28.01901253, 0
28.01920903, 1
28.05239309, 0
28.05268388, 1
28.08584393, 0
28.08605274, 1
28.11920537, 0
28.11942367, 1
28.15256987, 0
28.15277883, 1
28.18592504, 0
28.18613388, 1
28.21927991, 0
28.22338765, 1
28.25653381, 0
28.25674485, 1
28.28987641, 0
28.29011081, 1
28.32324202, 0
28.32380886, 1
28.35694713, 0
28.35722584, 1
28.39036639, 0
28.39065417, 1
28.42378331, 0
28.42401346, 1
28.45712845, 0
28.45735673, 1
28.49048087, 0
28.49263054, 1
28.52575815, 0
28.52597282, 1
28.55908766, 0
28.55929834, 1
28.59241266, 0
28.59266590, 1
28.62577903, 0
28.62636643, 1
28.65948018, 0
28.66109203, 1
28.69420608, 0
28.69440995, 1
28.72752370, 0
28.73299724, 1
28.76611214, 0
28.76629419, 1
28.79942208, 0
28.79959947, 1
28.83272695, 0
28.83304453, 1
28.86617195, 0
28.86636532, 1
28.89949285, 0
28.90645915, 1
28.93958695, 0
28.94180994, 1
28.97493378, 0
28.97553460, 1
29.00865812, 0
29.01002791, 1
29.04315148, 0
29.04509697, 1
29.07822170, 0
29.07848662, 1
29.11160920, 0
29.11179474, 1
29.14491761, 0
29.14511933, 1
29.17823251, 0
29.17853633, 1
29.21165145, 0
29.21185109, 1
29.24496542, 0
29.24519565, 1
29.27832387, 0
29.27964239, 1
29.31277083, 0
29.31296774, 1
29.34609540, 0
29.34766583, 1
29.38079368, 0
29.38280656, 1
29.41595249, 0
29.41613760, 1
29.44928353, 0
29.45088174, 1
29.48402819, 0
29.48423266, 1
29.51737911, 0
29.51755688, 1
29.55070232, 0
29.55783535, 1
29.59098154, 0
29.59168477, 1
29.62483150, 0
29.62840137, 1
29.66154730, 0
29.66174439, 1
29.69489030, 0
29.69508093, 1
29.72822712, 0
29.72847440, 1
29.76161966, 0
29.76180620, 1
29.79495301, 0
29.79904844, 1
29.83219472, 0
29.83354782, 1
29.86669380, 0
29.86691394, 1
29.90006026, 0
29.90881836, 1
29.94196449, 0
29.94250488, 1
29.97565217, 0
29.97790321, 1
30.01104981, 0
30.01346549, 1
30.04661036, 0
30.04681682, 1
30.07996215, 0
30.08343861, 1
30.11658399, 0
30.11720917, 1
30.15035439, 0
30.15053310, 1
30.18367821, 0
30.18388791, 1
30.21703382, 0
30.21723589, 1
30.25038751, 0
30.25452858, 1
30.28768018, 0
30.29172155, 1
30.32487253, 0
30.32507980, 1
30.35823134, 0
30.36042234, 1
31.48258458, 0
31.48705331, 1
31.52019922, 0
31.52267319, 1
31.55582493, 0
31.55781964, 1
31.59097225, 0
31.59117176, 1
31.62432345, 0
31.62450545, 1
31.65765670, 0
31.65786000, 1
31.69101161, 0
31.69121554, 1
31.72436218, 0
31.72456056, 1
31.75770726, 0
31.75789364, 1
31.79104013, 0
31.79125940, 1
31.82440522, 0
31.82543708, 1
31.85858211, 0
31.86019727, 1
31.89334352, 0
31.89353433, 1
31.92667953, 0
31.92686713, 1
31.96001305, 0
31.96023814, 1
31.99338423, 0
31.99359398, 1
32.02674145, 0
32.02959665, 1
32.06274259, 0
32.06338563, 1
32.09653257, 0
32.09819475, 1
32.13134092, 0
32.13636792, 1
32.16951415, 0
32.16970463, 1
32.20285150, 0
32.20502903, 1
32.23817528, 0
32.23895992, 1
32.27210593, 0
32.27464930, 1
32.30779453, 0
32.30798729, 1
32.34113358, 0
32.34132835, 1
32.37447361, 0
32.37580739, 1
32.40895645, 0
32.40921804, 1
32.44236601, 0
32.44429084, 1
32.47761661, 0
32.47787956, 1
32.51100951, 0
32.51124290, 1
32.54437287, 0
32.54462173, 1
32.57775162, 0
32.57799800, 1
32.61112831, 0
32.61137383, 1
32.64448987, 0
32.64474611, 1
32.67849686, 0
32.67875349, 1
32.71186983, 0
32.71239785, 1
32.74551430, 0
32.74580464, 1
32.77892909, 0
32.77920110, 1
32.81235831, 0
32.81260873, 1
32.84573528, 0
32.84602740, 1
32.87915047, 0
32.87934752, 1
32.91246945, 0
32.91371569, 1
32.94683784, 0
32.94706014, 1
32.94766925, 0
32.94783024, 1
32.98136747, 0
32.98621792, 1
33.01934722, 0
33.02009544, 1
33.05322373, 0
33.05515923, 1
33.08828710, 0
33.08863630, 1
33.12175004, 0
33.12197516, 1
33.15508891, 0
33.15747690, 1
33.19059191, 0
33.19134034, 1
33.22445402, 0
33.22466017, 1
33.25777366, 0
33.25795065, 1
33.29106526, 0
33.29125978, 1
33.32438831, 0
33.32490385, 1
33.35802697, 0
33.35985471, 1
33.39297712, 0
33.39317000, 1
33.42629506, 0
33.42811589, 1
33.46125599, 0
33.46146034, 1
33.49460033, 0
33.49481041, 1
33.52794245, 0
33.52811981, 1
33.56125098, 0
33.56144390, 1
33.59458942, 0
33.59794167, 1
33.63109375, 0
33.63129220, 1
33.66443869, 0
33.66778179, 1
33.70093162, 0
33.70534029, 1
33.73849059, 0
33.73868724, 1
33.77184793, 0
33.77444369, 1
33.80752175, 0
33.80934958, 1
35.01254788, 0
35.01275273, 1
35.04583443, 0
35.04646634, 1
35.07962736, 0
35.08347659, 1
35.11663086, 0
35.11686088, 1
35.15000720, 0
35.15022117, 1
35.18336727, 0
35.18409144, 1
35.21723747, 0
35.21772429, 1
35.25086986, 0
35.25113479, 1
35.29553863, 0
35.29575205, 1
35.32888405, 0
35.32908435, 1
35.36222351, 0
35.36331329, 1
35.39645260, 0
35.40129930, 1
35.43442765, 0
35.43608796, 1
35.46920201, 0
35.46939333, 1
35.50251706, 0
35.50443352, 1
35.53756124, 0
35.53775166, 1
35.57086482, 0
35.57105542, 1
35.60416960, 0
35.60481406, 1
35.63792861, 0
35.63813294, 1
35.67124743, 0
35.67490862, 1
35.70802307, 0
35.70821517, 1
35.74132978, 0
35.74155571, 1
35.77466880, 0
35.77521690, 1
35.80834518, 0
35.80858794, 1
35.84171651, 0
35.84261527, 1
35.87574326, 0
35.87595796, 1
35.90908662, 0
35.90932676, 1
35.94245574, 0
35.94499779, 1
35.97812287, 0
35.97837490, 1
36.01149828, 0
36.01169802, 1
36.04482109, 0
36.04513673, 1
36.07825913, 0
36.07843396, 1
36.11155611, 0
36.11660546, 1
36.14972893, 0
36.15044435, 1
36.18355890, 0
36.18537692, 1
36.21849303, 0
36.22314329, 1
36.25625776, 0
36.25647477, 1
36.28960286, 0
36.29162221, 1
36.32474948, 0
36.32699779, 1
36.36012573, 0
36.36030192, 1
36.39342953, 0
36.39517799, 1
36.42832570, 0
36.42881299, 1
36.46196247, 0
36.46614931, 1
36.49929881, 0
36.50071336, 1
36.53401322, 0
36.53431032, 1
36.56745836, 0
36.56806004, 1
36.60130251, 0
36.60157519, 1
36.63472356, 0
36.63493803, 1
36.66833642, 0
36.66861390, 1
36.70176297, 0
36.70200949, 1
36.73515780, 0
36.73546513, 1
36.76861303, 0
36.76887280, 1
36.80202064, 0
36.80252768, 1
36.83567582, 0
36.83592959, 1
36.86907711, 0
36.86933270, 1
36.90248070, 0
36.90278474, 1
36.93593176, 0
36.93618063, 1
36.96932892, 0
36.96957375, 1
37.00272101, 0
37.00295424, 1
37.03610270, 0
37.03634766, 1
37.06949586, 0
37.06975579, 1
37.10290339, 0
37.10316358, 1
37.13703893, 0
37.13733755, 1
37.17048507, 0
37.17070290, 1
37.20384979, 0
37.20412204, 1
37.23727550, 0
37.23750635, 1
37.27065905, 0
37.27094656, 1
37.30410037, 0
37.30430842, 1
37.33746186, 0
37.33771171, 1
38.46586286, 0
38.46616168, 1
38.49931020, 0
38.49959924, 1
38.53291505, 0
38.53316621, 1
38.56631745, 0
38.56693440, 1
38.60008593, 0
38.60254310, 1
38.63569452, 0
38.63589043, 1
38.66904181, 0
38.67065071, 1
38.70379678, 0
38.70579673, 1
38.73894350, 0
38.73912688, 1
38.77227422, 0
38.77539569, 1
38.80854107, 0
38.80872367, 1
38.84186932, 0
38.84640667, 1
38.87955312, 0
38.88000193, 1
38.91314876, 0
38.91510514, 1
38.94825200, 0
38.95295375, 1
38.98609886, 0
38.98636709, 1
39.01951326, 0
39.02090579, 1
39.05405193, 0
39.05764756, 1
39.09079368, 0
39.09099849, 1
39.12414405, 0
39.12587456, 1
39.15902003, 0
39.15920135, 1
39.19234768, 0
39.19831678, 1
39.23146314, 0
39.23196054, 1
39.26510661, 0
39.26560324, 1
39.29875041, 0
39.30047048, 1
39.33361662, 0
39.33558190, 1
39.36872940, 0
39.36893093, 1
39.40207626, 0
39.40254785, 1
39.43569345, 0
39.43588775, 1
39.46903357, 0
39.47141250, 1
39.50454144, 0
39.50514819, 1
39.53827661, 0
39.54016296, 1
39.57329106, 0
39.57347674, 1
39.60660418, 0
39.60681819, 1
39.63993197, 0
39.64011998, 1
39.67323351, 0
39.67341414, 1
39.70652803, 0
39.71219409, 1
39.74530875, 0
39.74549109, 1
39.77861441, 0
39.77919324, 1
39.81231669, 0
39.81269519, 1
39.84581757, 0
39.84872404, 1
39.88184727, 0
39.88207727, 1
39.91520238, 0
39.91575258, 1
39.94887453, 0
39.94908521, 1
39.98221378, 0
39.98624809, 1
40.01937776, 0
40.01965362, 1
40.05278201, 0
40.05332628, 1
40.08645547, 0
40.08664400, 1
40.11977237, 0
40.11996374, 1
40.15307677, 0
40.15330292, 1
40.18641640, 0
40.18662760, 1
40.21974118, 0
40.21992627, 1
40.25303981, 0
40.25373993, 1
40.28685401, 0
40.28705147, 1
40.32016538, 0
40.32097769, 1
40.35410634, 0
40.35460508, 1
40.38772705, 0
40.38796717, 1
40.42108922, 0
40.42317449, 1
40.45629996, 0
40.45667176, 1
40.48981213, 0
40.49003330, 1
40.52317378, 0
40.52343479, 1
40.55656760, 0
40.55689099, 1
40.59002453, 0
40.59023270, 1
40.62338090, 0
40.62361396, 1
40.65676532, 0
40.65719828, 1
40.69034433, 0
40.69591628, 1
40.72906564, 0
40.72982994, 1
40.76298032, 0
40.76688536, 1
40.80004528, 0
40.80022059, 1
40.83329904, 0
40.83349598, 1
42.00652325, 0
42.00672466, 1
42.03980655, 0
42.03997834, 1
42.07313867, 0
42.07334521, 1
42.10649825, 0
42.10667414, 1
42.13982128, 0
42.13999619, 1
42.17314144, 0
42.17726274, 1
42.21041059, 0
42.21063164, 1
42.24377806, 0
42.24435209, 1
42.27748597, 0
42.27959191, 1
42.31272385, 0
42.31447114, 1
42.34761037, 0
42.34780576, 1
42.38094547, 0
42.38114952, 1
42.41427749, 0
42.41621290, 1
42.44932848, 0
42.44957563, 1
42.48270047, 0
42.48296435, 1
42.51609440, 0
42.51643560, 1
42.54955193, 0
42.54982121, 1
42.58293567, 0
42.58436353, 1
42.61747908, 0
42.61769244, 1
42.65080724, 0
42.65107344, 1
42.68418807, 0
42.68442296, 1
42.71753803, 0
42.71781700, 1
42.75093341, 0
42.75116137, 1
42.78429151, 0
42.78449396, 1
42.81762318, 0
42.81784702, 1
42.85097812, 0
42.85122064, 1
42.88435011, 0
42.88547378, 1
42.91860356, 0
42.91886550, 1
42.95198895, 0
42.95251960, 1
42.98564197, 0
42.98583647, 1
43.01895890, 0
43.01921712, 1
43.05234003, 0
43.05403669, 1
43.08715962, 0
43.08804392, 1
43.12116637, 0
43.12138560, 1
43.15449916, 0
43.15470111, 1
43.18781594, 0
43.18800484, 1
43.22111925, 0
43.22601937, 1
43.25914920, 0
43.26296831, 1
43.29609586, 0
43.29776382, 1
43.33089264, 0
43.33111135, 1
43.36423961, 0
43.36513560, 1
43.39828097, 0
43.39999630, 1
43.43314210, 0
43.43336459, 1
43.46651073, 0
43.46668814, 1
43.49983304, 0
43.50252324, 1
43.53566921, 0
43.53764835, 1
43.57079395, 0
43.57100415, 1
43.60415003, 0
43.60439150, 1
43.63753787, 0
43.63775316, 1
43.67089873, 0
43.67142919, 1
43.70457476, 0
43.70477609, 1
43.73792208, 0
43.73816821, 1
43.77131382, 0
43.77623743, 1
43.80938551, 0
43.80967994, 1
43.84282609, 0
43.84309190, 1
43.87623744, 0
43.87645072, 1
43.90959681, 0
43.90980004, 1
43.94294671, 0
43.94534209, 1
43.97849268, 0
43.97873886, 1
44.01188501, 0
44.01215554, 1
44.04530239, 0
44.04677495, 1
44.07992065, 0
44.08010044, 1
44.11324760, 0
44.11467634, 1
44.14782238, 0
44.14985380, 1
44.18299905, 0
44.18319499, 1
44.21634691, 0
44.22024213, 1
44.25339397, 0
44.25357035, 1
44.28672091, 0
44.28692453, 1
44.32007612, 0
44.32025117, 1
45.50265481, 0
45.50287839, 1
45.53654713, 0
45.53675596, 1
45.56990668, 0
45.57359146, 1
45.60674236, 0
45.60940095, 1
45.64255247, 0
45.64402039, 1
45.67717193, 0
45.67932485, 1
45.71247670, 0
45.71343291, 1
45.74657999, 0
45.74830223, 1
45.78144860, 0
45.78163217, 1
45.81477875, 0
45.81495844, 1
45.84810484, 0
45.85005053, 1
45.88319713, 0
45.88408460, 1
45.91723009, 0
45.91927204, 1
45.95241807, 0
45.95263627, 1
45.98578331, 0
45.98595705, 1
46.01910328, 0
46.02399512, 1
46.05714085, 0
46.05743054, 1
46.09057690, 0
46.09339013, 1
46.12653723, 0
46.12673864, 1
46.15988441, 0
46.16006710, 1
46.19321295, 0
46.19488007, 1
46.22802530, 0
46.22820694, 1
46.26135263, 0
46.26309371, 1
46.29623980, 0
46.29793812, 1
46.33108384, 0
46.33246607, 1
46.36561283, 0
46.36636137, 1
46.39950686, 0
46.39972700, 1
46.43287227, 0
46.43306417, 1
46.46621169, 0
46.46795401, 1
46.50110095, 0
46.50130532, 1
46.53443422, 0
46.53509972, 1
46.56823024, 0
46.56844387, 1
46.60157482, 0
46.60178089, 1
46.63491058, 0
46.63518418, 1
46.66829961, 0
46.66850148, 1
46.70161664, 0
46.70186435, 1
46.73497903, 0
46.73518498, 1
46.76830092, 0
46.77267284, 1
46.80579584, 0
46.80604098, 1
46.83916410, 0
46.84171915, 1
46.87484316, 0
46.87506774, 1
46.90819098, 0
46.90890423, 1
46.94202716, 0
46.94388679, 1
46.97700974, 0
46.97719674, 1
47.01032500, 0
47.01052896, 1
47.04365647, 0
47.04589504, 1
47.07902395, 0
47.07921484, 1
47.11234233, 0
47.11252451, 1
47.14565202, 0
47.14587839, 1
47.17899172, 0
47.17917694, 1
47.21229035, 0
47.21386310, 1
47.24697687, 0
47.24972602, 1
47.28283932, 0
47.28304998, 1
47.31616365, 0
47.31840735, 1
47.35152131, 0
47.35171597, 1
47.38484422, 0
47.38916797, 1
47.42229068, 0
47.42357135, 1
47.45669449, 0
47.45689741, 1
47.49002321, 0
47.49042843, 1
47.52356695, 0
47.52523413, 1
47.55837281, 0
47.55974603, 1
47.59287761, 0
47.59310319, 1
47.62623396, 0
47.62645685, 1
47.65960259, 0
47.65982894, 1
47.69298048, 0
47.69318642, 1
47.72633280, 0
47.72661734, 1
47.75976626, 0
47.76329274, 1
47.79644360, 0
47.79667942, 1
47.82983953, 0
47.83007504, 1
47.86315350, 0
47.86336675, 1
48.99936951, 0
49.00347590, 1
49.03655845, 0
49.03678247, 1
49.06994272, 0
49.07016182, 1
49.10331585, 0
49.10387145, 1
49.13701789, 0
49.13852303, 1
49.17167249, 0
49.17407123, 1
49.20721642, 0
49.20742246, 1
49.24056880, 0
49.24258437, 1
49.27571573, 0
49.27610631, 1
49.30923763, 0
49.30947185, 1
49.34261051, 0
49.34281055, 1
49.37594970, 0
49.37614869, 1
49.40927742, 0
49.41103915, 1
49.44415230, 0
49.44436949, 1
49.47749148, 0
49.47893719, 1
49.51208908, 0
49.51257633, 1
49.54568945, 0
49.54587769, 1
49.57899090, 0
49.57917079, 1
49.61228485, 0
49.61258534, 1
49.64569999, 0
49.64679833, 1
49.67991316, 0
49.68110402, 1
49.71421847, 0
49.71441557, 1
49.74752947, 0
49.74771404, 1
49.78084384, 0
49.78104820, 1
49.81417756, 0
49.82037246, 1
49.85350069, 0
49.85543059, 1
49.88855938, 0
49.88891666, 1
49.92204391, 0
49.92259691, 1
49.95571950, 0
49.95593520, 1
49.98905793, 0
49.98924903, 1
50.02237382, 0
50.02367970, 1
50.05680261, 0
50.05765625, 1
50.09077880, 0
50.09253075, 1
50.12565410, 0
50.12590998, 1
50.15902344, 0
50.15922836, 1
50.19234220, 0
50.19377855, 1
50.22689231, 0
50.22707594, 1
50.26020390, 0
50.26040156, 1
50.29352956, 0
50.29377324, 1
50.32690147, 0
50.32709844, 1
50.36022606, 0
50.36154689, 1
50.39469355, 0
50.39487086, 1
50.42801688, 0
50.43567322, 1
50.46881916, 0
50.46916392, 1
50.50244640, 0
50.50274257, 1
50.53588862, 0
50.53783696, 1
50.57098341, 0
50.57134859, 1
50.60449373, 0
50.60597234, 1
50.63911813, 0
50.63972642, 1
50.67287351, 0
50.67369927, 1
50.70684537, 0
50.70704258, 1
50.74018775, 0
50.74040748, 1
50.77355297, 0
50.77469194, 1
50.80783824, 0
50.80802681, 1
50.84117231, 0
50.84135713, 1
50.87450312, 0
50.87640983, 1
50.90955787, 0
50.90977789, 1
50.94292306, 0
50.94311044, 1
50.97625762, 0
50.97649199, 1
51.00963837, 0
51.00981373, 1
51.04295921, 0
51.04660753, 1
51.07975211, 0
51.07994031, 1
51.11308624, 0
51.11329133, 1
51.14643711, 0
51.14802007, 1
51.18116595, 0
51.18522595, 1
51.21837821, 0
51.22306022, 1
51.25621144, 0
51.25644032, 1
51.28959090, 0
51.29138746, 1
51.32453810, 0
51.32473325, 1
52.47943294, 0
52.47964983, 1
52.51279517, 0
52.51302163, 1
52.55068239, 0
52.55091166, 1
52.58406370, 0
52.58668169, 1
52.61983276, 0
52.62184287, 1
52.65499442, 0
52.65520758, 1
52.68835979, 0
52.68913949, 1
52.72228668, 0
52.72281844, 1
52.75596396, 0
52.75617940, 1
52.78932633, 0
52.79128370, 1
52.82442918, 0
52.82472154, 1
52.85786675, 0
52.86108045, 1
52.89422585, 0
52.89555885, 1
52.92870558, 0
52.92890309, 1
52.96204967, 0
52.96289493, 1
52.99604128, 0
52.99622654, 1
53.02937181, 0
53.03357439, 1
53.06672031, 0
53.06726654, 1
53.10041424, 0
53.10061117, 1
53.13375901, 0
53.14075515, 1
53.17390182, 0
53.17411272, 1
53.20725861, 0
53.20746614, 1
53.24061255, 0
53.24082889, 1
53.27397453, 0
53.27416593, 1
53.30731366, 0
53.30969283, 1
53.34283884, 0
53.34302841, 1
53.37617527, 0
53.37834629, 1
53.41149096, 0
53.41166236, 1
53.44480804, 0
53.44499682, 1
53.47814183, 0
53.48299412, 1
53.51612221, 0
53.51644934, 1
53.54957852, 0
53.54994599, 1
53.58307532, 0
53.58381721, 1
53.61694516, 0
53.61787594, 1
53.65098896, 0
53.65117104, 1
53.68428449, 0
53.68451965, 1
53.71763422, 0
53.71784614, 1
53.75095993, 0
53.75362769, 1
53.78675091, 0
53.78697660, 1
53.82009974, 0
53.82030643, 1
53.85342923, 0
53.85364951, 1
53.88677236, 0
53.88694697, 1
53.92007083, 0
53.92283617, 1
53.95595916, 0
53.95618774, 1
53.98931514, 0
53.99353200, 1
54.02666050, 0
54.02691764, 1
54.06004543, 0
54.06192942, 1
54.09505777, 0
54.10014783, 1
54.13327490, 0
54.13351114, 1
54.16662605, 0
54.16729226, 1
54.20040588, 0
54.20065254, 1
54.23376678, 0
54.23588004, 1
54.26899469, 0
54.26935169, 1
54.30246484, 0
54.30266170, 1
54.33577612, 0
54.33755339, 1
54.37068098, 0
54.37089704, 1
54.40402030, 0
54.40424977, 1
54.43737170, 0
54.43848008, 1
54.47160428, 0
54.47181623, 1
54.50495688, 0
54.50560781, 1
54.53874672, 0
54.54054625, 1
54.57367862, 0
54.57389028, 1
54.60702145, 0
54.60721167, 1
54.64035886, 0
54.64055549, 1
54.67370790, 0
54.67465004, 1
54.70779612, 0
54.70799396, 1
54.74114238, 0
54.74131299, 1
54.77446166, 0
54.77611159, 1
54.80927151, 0
54.80945311, 1
54.84253080, 0
54.84381013, 1
55.99269116, 0
55.99291470, 1
56.02607778, 0
56.02626861, 1
56.05942852, 0
56.06374569, 1
56.09689916, 0
56.09711652, 1
56.13026175, 0
56.13322798, 1
56.16637316, 0
56.16708049, 1
56.20022983, 0
56.20046592, 1
56.23361139, 0
56.23381905, 1
56.26695118, 0
56.26717439, 1
56.30030605, 0
56.30048588, 1
56.33362522, 0
56.33381661, 1
56.36695509, 0
56.36716575, 1
56.40029314, 0
56.40125420, 1
56.43436815, 0
56.43610293, 1
56.46922594, 0
56.47040003, 1
56.50352822, 0
56.50374226, 1
56.53685599, 0
56.53945549, 1
56.57257047, 0
56.57276633, 1
56.60588095, 0
56.60690409, 1
56.64001745, 0
56.64163135, 1
56.67474518, 0
56.67507104, 1
56.70818470, 0
56.70940124, 1
56.74251570, 0
56.74306054, 1
56.77618952, 0
56.77993904, 1
56.81306756, 0
56.81395774, 1
56.84708626, 0
56.84971499, 1
56.88284351, 0
56.88307954, 1
56.91620789, 0
56.91644194, 1
56.94956514, 0
56.94974573, 1
56.98286790, 0
56.98313419, 1
57.01625712, 0
57.01645417, 1
57.04957702, 0
57.05108719, 1
57.08420990, 0
57.08460971, 1
57.11773248, 0
57.11791589, 1
57.15102996, 0
57.15247269, 1
57.18558603, 0
57.18578029, 1
57.21889432, 0
57.22069693, 1
57.25382531, 0
57.25486852, 1
57.28799737, 0
57.28820529, 1
57.32133278, 0
57.32151922, 1
57.35464704, 0
57.35483420, 1
57.38797957, 0
57.38815746, 1
57.42130259, 0
57.42387743, 1
57.45702466, 0
57.45724586, 1
57.49039197, 0
57.49146644, 1
57.52461266, 0
57.52479579, 1
57.55794114, 0
57.55813354, 1
57.59127839, 0
57.59145914, 1
57.62460524, 0
57.62479354, 1
57.65793960, 0
57.65849639, 1
57.69164239, 0
57.69543309, 1
57.72857852, 0
57.72879403, 1
57.76194082, 0
57.76683745, 1
57.79998401, 0
57.80018294, 1
57.83332841, 0
57.83353071, 1
57.86667647, 0
57.86821932, 1
57.90136453, 0
57.90159388, 1
57.93473924, 0
57.93520107, 1
57.96834622, 0
57.97007354, 1
58.00321916, 0
58.00343479, 1
58.03658033, 0
58.03946181, 1
58.07260816, 0
58.07289252, 1
58.10603820, 0
58.10793605, 1
58.14108222, 0
58.14588765, 1
58.17903318, 0
58.17992383, 1
58.21307462, 0
58.21518912, 1
58.24834161, 0
58.24859424, 1
58.28174513, 0
58.28196089, 1
58.31511143, 0
58.31535759, 1
59.48939033, 0
59.48959013, 1
59.52273876, 0
59.52291576, 1
59.55781880, 0
59.56337694, 1
59.59652833, 0
59.59676049, 1
59.62991226, 0
59.63470176, 1
59.66785326, 0
59.66804577, 1
59.70119609, 0
59.70139331, 1
59.73453926, 0
59.73734457, 1
59.77049010, 0
59.77069785, 1
59.80384441, 0
59.80418485, 1
59.83733016, 0
59.83750805, 1
59.87065530, 0
59.87084455, 1
59.90399125, 0
59.90421571, 1
59.93736260, 0
59.93756307, 1
59.97070858, 0
59.97194680, 1
60.00509315, 0
60.01052234, 1
60.04366843, 0
60.04438906, 1
60.07753440, 0
60.08003206, 1
60.11317822, 0
60.11478950, 1
60.14793647, 0
60.14948303, 1
60.18262901, 0
60.18284684, 1
60.21599439, 0
60.21623830, 1
60.24938432, 0
60.24957092, 1
60.28271982, 0
60.28431008, 1
60.31745568, 0
60.31766890, 1
60.35081628, 0
60.35258896, 1
60.38573556, 0
60.38594665, 1
60.41909266, 0
60.42080334, 1
60.45395020, 0
60.45449327, 1
60.48764026, 0
60.48783991, 1
60.48840276, 0
60.48855349, 1
60.52178055, 0
60.52588905, 1
60.55901786, 0
60.55920949, 1
60.59233851, 0
60.59578131, 1
60.62889607, 0
60.62910475, 1
60.66221906, 0
60.66320093, 1
60.69631550, 0
60.69783890, 1
60.73095323, 0
60.73174248, 1
60.76486561, 0
60.76556717, 1
60.79869018, 0
60.79887506, 1
60.83199770, 0
60.83344719, 1
60.86657096, 0
60.86681963, 1
60.89994215, 0
60.90015786, 1
60.93328030, 0
60.93392357, 1
60.96705215, 0
60.96725349, 1
61.00038238, 0
61.00063569, 1
61.03376320, 0
61.03509567, 1
61.06822461, 0
61.06845399, 1
61.10158167, 0
61.10179121, 1
61.13490527, 0
61.13757798, 1
61.17069174, 0
61.17089934, 1
61.20401322, 0
61.20920412, 1
61.24231736, 0
61.24605968, 1
61.27917353, 0
61.27935543, 1
61.31246990, 0
61.31346426, 1
61.34659211, 0
61.34678103, 1
61.37990317, 0
61.38139854, 1
61.41452045, 0
61.41663692, 1
61.44976195, 0
61.44996413, 1
61.48310327, 0
61.48360917, 1
61.51674781, 0
61.51696784, 1
61.55010147, 0
61.55032570, 1
61.58345655, 0
61.58394383, 1
61.61708988, 0
61.61728349, 1
61.65043356, 0
61.65200798, 1
61.68515370, 0
61.68656208, 1
61.71971303, 0
61.71994754, 1
61.75309737, 0
61.75471161, 1
61.78787267, 0
61.78812294, 1
61.82120127, 0
61.82136948, 1
63.00273387, 0
63.00948312, 1
63.04256752, 0
63.04348004, 1
63.07664100, 0
63.07862730, 1
63.11178178, 0
63.11197794, 1
63.14512397, 0
63.14645984, 1
63.17960650, 0
63.18144465, 1
63.21459005, 0
63.21483765, 1
63.24798311, 0
63.25245189, 1
63.28558431, 0
63.28576982, 1
63.31890103, 0
63.31908729, 1
63.35222699, 0
63.35974584, 1
63.39288524, 0
63.39436940, 1
63.42749667, 0
63.42932509, 1
63.46243863, 0
63.46276086, 1
63.49588338, 0
63.49608473, 1
63.52921295, 0
63.53297959, 1
63.56609413, 0
63.56632819, 1
63.59944257, 0
63.60121373, 1
63.63432777, 0
63.63500819, 1
63.66812246, 0
63.66836838, 1
63.70148190, 0
63.70682384, 1
63.73993742, 0
63.74175206, 1
63.77486591, 0
63.77527964, 1
63.80840726, 0
63.80865678, 1
63.84178537, 0
63.84280042, 1
63.87592788, 0
63.87730912, 1
63.91043770, 0
63.91064416, 1
63.94377236, 0
63.94447116, 1
63.97759361, 0
63.97908525, 1
64.01220828, 0
64.01267805, 1
64.04580072, 0
64.04600840, 1
64.07913087, 0
64.08005612, 1
64.11317849, 0
64.11342060, 1
64.14654303, 0
64.14673953, 1
64.17985346, 0
64.18002769, 1
64.21314095, 0
64.21576259, 1
64.24887711, 0
64.24910936, 1
64.28223729, 0
64.28245129, 1
64.31557882, 0
64.31738261, 1
64.35051158, 0
64.35069476, 1
64.38382278, 0
64.38484301, 1
64.41798845, 0
64.41816066, 1
64.45130574, 0
64.45148394, 1
64.48462875, 0
64.48952535, 1
64.52267187, 0
64.52287113, 1
64.55602121, 0
64.55724914, 1
64.59039724, 0
64.59170667, 1
64.62485403, 0
64.62512572, 1
64.65827374, 0
64.65849441, 1
64.69164141, 0
64.69191885, 1
64.72506603, 0
64.72529169, 1
64.75843927, 0
64.75874830, 1
64.79189663, 0
64.79244666, 1
64.82559549, 0
64.82581059, 1
64.85895845, 0
64.85922324, 1
64.89236982, 0
64.89267220, 1
64.92581923, 0
64.92606496, 1
64.95921134, 0
64.95948794, 1
64.99263622, 0
64.99305190, 1
65.02619776, 0
65.02891105, 1
65.06205718, 0
65.06318016, 1
65.09632617, 0
65.09651883, 1
65.12966437, 0
65.13118784, 1
65.16433379, 0
65.16517144, 1
65.19831658, 0
65.19849379, 1
65.23164412, 0
65.23364739, 1
65.26679851, 0
65.26697906, 1
65.30013062, 0
65.30030814, 1
65.33346026, 0
65.33363383, 1
66.46612993, 0
66.46632634, 1
66.49959558, 0
66.50495750, 1
66.53810930, 0
66.53868330, 1
66.57183601, 0
66.57812296, 1
66.61127451, 0
66.61153237, 1
66.64468403, 0
66.64488546, 1
66.67803795, 0
66.68035489, 1
66.71350044, 0
66.71373234, 1
66.74687836, 0
66.74795837, 1
66.78110436, 0
66.78132414, 1
66.81447061, 0
66.81478179, 1
66.84792813, 0
66.84868581, 1
66.88183115, 0
66.88238592, 1
66.91553190, 0
66.92348858, 1
66.95663541, 0
66.95685343, 1
66.98999966, 0
66.99021311, 1
67.02335957, 0
67.02388074, 1
67.05702650, 0
67.05723373, 1
67.09038118, 0
67.09178054, 1
67.12492630, 0
67.12511329, 1
67.15825882, 0
67.15967035, 1
67.19281702, 0
67.19578140, 1
67.22892585, 0
67.22910220, 1
67.26224860, 0
67.26258007, 1
67.29572651, 0
67.29591964, 1
67.32906486, 0
67.32928649, 1
67.36243270, 0
67.36278537, 1
67.39593132, 0
67.39614703, 1
67.42929246, 0
67.43154687, 1
67.46469310, 0
67.46583959, 1
67.49896756, 0
67.49914829, 1
67.53227581, 0
67.53841091, 1
67.57154123, 0
67.57248886, 1
67.60561647, 0
67.60585458, 1
67.63896873, 0
67.64071516, 1
67.67382903, 0
67.67404798, 1
67.70716190, 0
67.71003272, 1
67.74314688, 0
67.74338556, 1
67.77650996, 0
67.77672668, 1
67.80984932, 0
67.81156276, 1
67.84468631, 0
67.84491128, 1
67.87803522, 0
67.87892113, 1
67.91204370, 0
67.91250917, 1
67.94563132, 0
67.94582691, 1
67.97895551, 0
67.98034604, 1
68.01347458, 0
68.01365357, 1
68.04678220, 0
68.05258904, 1
68.08571700, 0
68.08832839, 1
68.12145707, 0
68.12177424, 1
68.15488855, 0
68.16055909, 1
68.19367376, 0
68.19388067, 1
68.22699550, 0
68.22876735, 1
68.26188154, 0
68.26283342, 1
68.29594658, 0
68.29613989, 1
68.32925400, 0
68.33616825, 1
68.36929551, 0
68.37119857, 1
68.40432053, 0
68.40483990, 1
68.43796231, 0
68.43927030, 1
68.47239470, 0
68.47268908, 1
68.50582876, 0
68.50747433, 1
68.54061255, 0
68.54263015, 1
68.57576403, 0
68.57604914, 1
68.60918252, 0
68.61134977, 1
68.64449821, 0
68.64521460, 1
68.67836745, 0
68.67862608, 1
68.71177363, 0
68.71234392, 1
68.74549334, 0
68.74569250, 1
68.77884197, 0
68.78047373, 1
68.81363448, 0
68.81384032, 1
68.84691843, 0
68.85140955, 1
70.17933070, 0
70.17953247, 1
70.21267178, 0
70.21338696, 1
70.24654738, 0
70.24672825, 1
70.27988128, 0
70.28007814, 1
70.31322518, 0
70.31683778, 1
70.34998582, 0
70.35020689, 1
70.38335321, 0
70.38618935, 1
70.41933553, 0
70.41954957, 1
70.45268146, 0
70.45328319, 1
70.48641482, 0
70.48841875, 1
70.52155725, 0
70.52174519, 1
70.55488386, 0
70.55904452, 1
70.59235532, 0
70.59260474, 1
70.62571805, 0
70.62777448, 1
70.66089716, 0
70.66287559, 1
70.69600422, 0
70.70045480, 1
70.73356933, 0
70.73377894, 1
70.76689423, 0
70.76712340, 1
70.80023734, 0
70.80312491, 1
70.83623815, 0
70.83646903, 1
70.86958337, 0
70.87157540, 1
70.90469028, 0
70.90770944, 1
70.94082305, 0
70.94100709, 1
70.97413531, 0
70.97556527, 1
71.00869445, 0
71.01021339, 1
71.04334157, 0
71.04357211, 1
71.07670055, 0
71.07911573, 1
71.11224373, 0
71.11255036, 1
71.14567372, 0
71.14899052, 1
71.18211362, 0
71.18315264, 1
71.21627525, 0
71.21651811, 1
71.24964093, 0
71.25396827, 1
71.28709155, 0
71.28729053, 1
71.32041345, 0
71.32062180, 1
71.35373545, 0
71.35441012, 1
71.38752436, 0
71.38773500, 1
71.42085100, 0
71.42106369, 1
71.45419139, 0
71.45440070, 1
71.48752868, 0
71.48775760, 1
71.52088504, 0
71.52109110, 1
71.55421970, 0
71.55443713, 1
71.58758267, 0
71.58778427, 1
71.62092954, 0
71.62113098, 1
71.65427671, 0
71.65460619, 1
71.68775167, 0
71.68794948, 1
71.72109597, 0
71.72129922, 1
71.75444458, 0
71.75586593, 1
71.78901136, 0
71.78923576, 1
71.82238206, 0
71.82259942, 1
71.85574533, 0
71.85742108, 1
71.89056672, 0
71.89077304, 1
71.92391837, 0
71.92558441, 1
71.95873005, 0
71.95894367, 1
71.99208952, 0
71.99255338, 1
72.02569937, 0
72.02725694, 1
72.06040265, 0
72.06146822, 1
72.09461399, 0
72.09480748, 1
72.12795227, 0
72.12813284, 1
72.16127853, 0
72.16145364, 1
72.19460001, 0
72.20024904, 1
72.23339501, 0
72.23415603, 1
72.26730366, 0
72.26753285, 1
72.30067947, 0
72.30112739, 1
72.33427288, 0
72.33604446, 1
72.36919033, 0
72.37130542, 1
72.40445610, 0
72.40465133, 1
72.43780282, 0
72.43802876, 1
72.47118042, 0
72.47252635, 1
72.50567928, 0
72.50647993, 1
73.47620650, 0
73.48013704, 1
73.51328338, 0
73.51387557, 1
73.54702705, 0
73.54724257, 1
73.58039361, 0
73.58317227, 1
73.61632316, 0
73.61760322, 1
73.65075586, 0
73.65100602, 1
73.68415768, 0
73.68436720, 1
73.71751312, 0
73.71771326, 1
73.75085967, 0
73.75154698, 1
73.78469235, 0
73.78488718, 1
73.81803341, 0
73.81825185, 1
73.85139871, 0
73.85266860, 1
73.88581520, 0
73.88602759, 1
73.91917326, 0
73.91938284, 1
73.95252897, 0
73.95278215, 1
73.98592855, 0
73.98611200, 1
74.01925865, 0
74.01985048, 1
74.05299641, 0
74.05320929, 1
74.08635510, 0
74.08654239, 1
74.11969062, 0
74.11990295, 1
74.15304882, 0
74.15327593, 1
74.18642270, 0
74.19008287, 1
74.22322846, 0
74.22344027, 1
74.25658615, 0
74.25864967, 1
74.29179541, 0
74.29272727, 1
74.32587216, 0
74.32605609, 1
74.35920208, 0
74.36794832, 1
74.40109572, 0
74.40128819, 1
74.43443374, 0
74.43615220, 1
74.46929823, 0
74.47040014, 1
74.50352827, 0
74.50372568, 1
74.53685388, 0
74.53720725, 1
74.57033566, 0
74.57054059, 1
74.60367108, 0
74.60431618, 1
74.63743124, 0
74.63803578, 1
74.67115412, 0
74.67182582, 1
74.70494235, 0
74.70518248, 1
74.73829763, 0
74.73855060, 1
74.77167490, 0
74.77189773, 1
74.80502161, 0
74.80529150, 1
74.83841626, 0
74.83863917, 1
74.87176363, 0
74.87240017, 1
74.90552488, 0
74.90574160, 1
74.93961797, 0
74.93989515, 1
74.97302488, 0
74.97328131, 1
75.00640986, 0
75.00698102, 1
75.04011005, 0
75.04031096, 1
75.07343967, 0
75.07479768, 1
75.10792870, 0
75.10844590, 1
75.14155984, 0
75.14176019, 1
75.17487501, 0
75.17508732, 1
75.20820077, 0
75.20845258, 1
75.24156770, 0
75.24175839, 1
75.27487310, 0
75.27508042, 1
75.30819421, 0
75.30840654, 1
75.34153565, 0
75.34185200, 1
75.37497467, 0
75.37516748, 1
75.40829158, 0
75.41276862, 1
75.44589355, 0
75.44652675, 1
75.47966553, 0
75.48110244, 1
75.51424170, 0
75.51640854, 1
75.54954086, 0
75.54976685, 1
75.58289885, 0
75.58311442, 1
75.61626095, 0
75.61855939, 1
75.65171201, 0
75.65190854, 1
75.68505451, 0
75.68802076, 1
75.72117031, 0
75.72313517, 1
75.75628518, 0
75.75649465, 1
75.78965425, 0
75.79761305, 1
75.83069582, 0
75.83133369, 1
77.00620858, 0
77.00639847, 1
77.03961806, 0
77.03980547, 1
77.07459581, 0
77.07688617, 1
77.11003858, 0
77.11103399, 1
77.14418151, 0
77.14439233, 1
77.17754014, 0
77.18135729, 1
77.21450331, 0
77.21613137, 1
77.24927752, 0
77.24945339, 1
77.28258530, 0
77.28781232, 1
77.32094422, 0
77.32112604, 1
77.35426410, 0
77.35448554, 1
77.38762438, 0
77.38875689, 1
77.42188564, 0
77.42243884, 1
77.45555322, 0
77.46052455, 1
77.49364745, 0
77.49392220, 1
77.52705074, 0
77.52725603, 1
77.56036925, 0
77.56096398, 1
77.59407753, 0
77.59435010, 1
77.62746482, 0
77.63125325, 1
77.66571126, 0
77.66590544, 1
77.69901842, 0
77.69922769, 1
77.73234122, 0
77.73313748, 1
77.76625110, 0
77.76646798, 1
77.79959598, 0
77.79980813, 1
77.83293519, 0
77.83312719, 1
77.86625464, 0
77.86647746, 1
77.89960490, 0
77.89978760, 1
77.93291703, 0
77.93311173, 1
77.96623401, 0
77.96950437, 1
78.00262737, 0
78.00287167, 1
78.03599526, 0
78.03618484, 1
78.06930738, 0
78.07077494, 1
78.10389804, 0
78.10410077, 1
78.13722322, 0
78.13954583, 1
78.17265938, 0
78.17292519, 1
78.20603866, 0
78.20623289, 1
78.23934711, 0
78.24364008, 1
78.27676900, 0
78.27698839, 1
78.31011745, 0
78.31055519, 1
78.34368335, 0
78.34586559, 1
78.37899373, 0
78.37918377, 1
78.41233108, 0
78.41256760, 1
78.44571334, 0
78.44590189, 1
78.47904765, 0
78.47982109, 1
78.51296686, 0
78.51368135, 1
78.54682716, 0
78.54701591, 1
78.58016143, 0
78.58035939, 1
78.61350563, 0
78.61369695, 1
78.64684619, 0
78.64804550, 1
78.68119210, 0
78.68141046, 1
78.71455923, 0
78.71598202, 1
78.74913010, 0
78.74934444, 1
78.78249135, 0
78.78274612, 1
78.81589248, 0
78.81610428, 1
78.84925005, 0
78.84944382, 1
78.88259013, 0
78.88286422, 1
78.91601055, 0
78.91947404, 1
78.95261980, 0
78.95283039, 1
78.98597560, 0
78.98743934, 1
79.02058744, 0
79.02176102, 1
79.05490624, 0
79.05513295, 1
79.08827859, 0
79.09303158, 1
79.12617786, 0
79.12645709, 1
79.15960404, 0
79.16028449, 1
79.19343126, 0
79.19373788, 1
79.22688941, 0
79.22855769, 1
79.26170952, 0
79.26193930, 1
79.29509020, 0
79.29652559, 1
79.32967653, 0
79.32989441, 1
80.46961833, 0
80.46981814, 1
80.50296637, 0
80.50317656, 1
80.53633091, 0
80.53750299, 1
80.57065564, 0
80.57508699, 1
80.60823814, 0
80.61157225, 1
80.64472452, 0
80.64491321, 1
80.67806478, 0
80.67982897, 1
80.71297518, 0
80.71479082, 1
80.74793812, 0
80.74957000, 1
80.78271670, 0
80.78292153, 1
80.81606736, 0
80.81629732, 1
80.84944340, 0
80.85099174, 1
80.88413690, 0
80.88459078, 1
80.91773712, 0
80.91794147, 1
80.95108737, 0
80.95411834, 1
80.98726425, 0
80.99096096, 1
81.02410701, 0
81.02433710, 1
81.05748358, 0
81.06024548, 1
81.09339249, 0
81.09361658, 1
81.12676195, 0
81.12839590, 1
81.16154245, 0
81.16176600, 1
81.19491228, 0
81.19512498, 1
81.22827110, 0
81.22851659, 1
81.26166337, 0
81.26184510, 1
81.29499059, 0
81.29888721, 1
81.33203277, 0
81.33247030, 1
81.36561626, 0
81.36582161, 1
81.39896778, 0
81.40131486, 1
81.43445995, 0
81.43467933, 1
81.46782520, 0
81.46837609, 1
81.50150423, 0
81.50169883, 1
81.53482616, 0
81.53503844, 1
81.56816741, 0
81.57567078, 1
81.60879828, 0
81.60955223, 1
81.64266675, 0
81.64441776, 1
81.67753176, 0
81.67992233, 1
81.71303601, 0
81.71326008, 1
81.74637397, 0
81.74810399, 1
81.78122848, 0
81.78146343, 1
81.81836057, 0
81.81855794, 1
81.85186114, 0
81.85781291, 1
81.89093653, 0
81.89117478, 1
81.92429757, 0
81.92478740, 1
81.95791061, 0
81.95967455, 1
81.99280262, 0
81.99468039, 1
82.02780919, 0
82.02823818, 1
82.06136708, 0
82.06155748, 1
82.09468630, 0
82.09488094, 1
82.12800963, 0
82.12942335, 1
82.16253780, 0
82.16274554, 1
82.19586084, 0
82.19608172, 1
82.22919537, 0
82.22937592, 1
82.26248971, 0
82.26342921, 1
82.29654420, 0
82.29673128, 1
82.32984548, 0
82.33176661, 1
82.36489483, 0
82.36513365, 1
82.39825631, 0
82.39844203, 1
82.43156472, 0
82.43252315, 1
82.46564743, 0
82.46582229, 1
82.49896180, 0
82.49915204, 1
82.53229089, 0
82.53251515, 1
82.56564670, 0
82.56588532, 1
82.59901663, 0
82.59920963, 1
82.63235512, 0
82.63254096, 1
82.66569231, 0
82.66803858, 1
82.70118460, 0
82.70639817, 1
82.73955231, 0
82.73978567, 1
82.77293488, 0
82.77797933, 1
82.81113972, 0
82.81186709, 1
82.84494518, 0
82.84678409, 1
84.09953656, 0
84.09971169, 1
84.13282476, 0
84.13323523, 1
84.16662958, 0
84.16681225, 1
84.19996458, 0
84.20366221, 1
84.23680862, 0
84.23702216, 1
84.27016835, 0
84.27421707, 1
84.30736309, 0
84.30755450, 1
84.34070091, 0
84.34090524, 1
84.37403703, 0
84.37559808, 1
84.40872988, 0
84.40893296, 1
84.44207180, 0
84.44371890, 1
84.47685771, 0
84.47866875, 1
84.51179901, 0
84.51202786, 1
84.54514230, 0
84.54712704, 1
84.58024945, 0
84.58042350, 1
84.61355053, 0
84.61551203, 1
84.64862656, 0
84.64908613, 1
84.68220036, 0
84.68245110, 1
84.71556536, 0
84.72017883, 1
84.75329291, 0
84.75637323, 1
84.78948721, 0
84.78970054, 1
84.82281374, 0
84.82305703, 1
84.85617107, 0
84.85638685, 1
84.88951498, 0
84.88978069, 1
84.92290851, 0
84.92404390, 1
84.95717302, 0
84.95738112, 1
84.99050964, 0
84.99273983, 1
85.02586787, 0
85.02608458, 1
85.05920664, 0
85.06016532, 1
85.09328786, 0
85.09460375, 1
85.12772653, 0
85.12792760, 1
85.16105041, 0
85.16239854, 1
85.19552143, 0
85.19571937, 1
85.22884229, 0
85.22902756, 1
85.26214112, 0
85.26557172, 1
85.29868619, 0
85.29887594, 1
85.33199653, 0
85.33602158, 1
85.36915120, 0
85.37239704, 1
85.40552536, 0
85.40580784, 1
85.43893645, 0
85.44046599, 1
85.47359557, 0
85.47379487, 1
85.50694075, 0
85.50715005, 1
85.54029497, 0
85.54281169, 1
85.57595779, 0
85.57616272, 1
85.60930828, 0
85.60953086, 1
85.64267651, 0
85.64296677, 1
85.67611179, 0
85.67632631, 1
85.70947227, 0
85.70966695, 1
85.74281224, 0
85.74302485, 1
85.77617041, 0
85.78089240, 1
85.81403845, 0
85.81464835, 1
85.84779470, 0
85.84804319, 1
85.88118870, 0
85.88841759, 1
85.92156375, 0
85.92181081, 1
85.95495671, 0
85.95658025, 1
85.98972664, 0
85.99160363, 1
86.02474954, 0
86.02495697, 1
86.05810251, 0
86.05831914, 1
86.09146555, 0
86.09173818, 1
86.12488368, 0
86.12692017, 1
86.16006670, 0
86.16275927, 1
86.19590580, 0
86.19612104, 1
86.22926702, 0
86.23054698, 1
86.26369241, 0
86.26388615, 1
86.29703131, 0
86.29722294, 1
86.33037541, 0
86.33511200, 1
86.36826283, 0
86.36847263, 1
86.40162381, 0
86.40261467, 1
86.43576730, 0
86.43915773, 1
87.48044333, 0
87.48708664, 1
87.52023271, 0
87.52041914, 1
87.55357096, 0
87.55378728, 1
87.58693826, 0
87.58717158, 1
87.62032338, 0
87.62056894, 1
87.65372107, 0
87.65464077, 1
87.68779320, 0
87.68800856, 1
87.72115418, 0
87.72278415, 1
87.75592994, 0
87.75614435, 1
87.78929121, 0
87.79286883, 1
87.82601419, 0
87.82625267, 1
87.85939928, 0
87.85960973, 1
87.89275641, 0
87.89331027, 1
87.92645706, 0
87.92666867, 1
87.95981626, 0
87.96259547, 1
87.99574175, 0
87.99613520, 1
88.02928078, 0
88.02948819, 1
88.06263428, 0
88.06332645, 1
88.09647322, 0
88.09666906, 1
88.12981637, 0
88.13003729, 1
88.16318272, 0
88.16779764, 1
88.20094421, 0
88.20122439, 1
88.23437132, 0
88.23572593, 1
88.26887149, 0
88.26934299, 1
88.30248931, 0
88.30272429, 1
88.33587055, 0
88.33753533, 1
88.37068187, 0
88.37087683, 1
88.40402262, 0
88.40538346, 1
88.43853063, 0
88.44020474, 1
88.47335145, 0
88.47416713, 1
88.50729552, 0
88.51103993, 1
88.54416768, 0
88.54466179, 1
88.57778958, 0
88.57887405, 1
88.61200281, 0
88.61823821, 1
88.65135277, 0
88.65154159, 1
88.68465831, 0
88.68492721, 1
88.71804099, 0
88.71828204, 1
88.75139633, 0
88.75309060, 1
88.78621347, 0
88.78880257, 1
88.82192561, 0
88.82243660, 1
88.85555922, 0
88.86055531, 1
88.89367824, 0
88.89388866, 1
88.92701113, 0
88.92802224, 1
88.96114491, 0
88.96134126, 1
88.99446986, 0
88.99466899, 1
89.02779930, 0
89.02894367, 1
89.06207141, 0
89.06267121, 1
89.09579834, 0
89.09607802, 1
89.12920584, 0
89.12938149, 1
89.16249605, 0
89.16552299, 1
89.19863735, 0
89.20309279, 1
89.23620865, 0
89.23638487, 1
89.26950135, 0
89.26970628, 1
89.30281962, 0
89.30306277, 1
89.33617594, 0
89.33638312, 1
89.36951173, 0
89.37113947, 1
89.40426231, 0
89.40444680, 1
89.43756958, 0
89.43777852, 1
89.47090380, 0
89.47111918, 1
89.50425821, 0
89.50446265, 1
89.53760120, 0
89.53781669, 1
89.57094822, 0
89.57116908, 1
89.60430124, 0
89.60450363, 1
89.63765173, 0
89.63994387, 1
89.67309513, 0
89.67332642, 1
89.70647173, 0
89.70665763, 1
89.73980655, 0
89.73998219, 1
89.77313095, 0
89.77331567, 1
89.80647757, 0
89.80946437, 1
89.84254301, 0
89.84273555, 1
91.09297444, 0
91.09322197, 1
91.12632136, 0
91.12654132, 1
91.15970115, 0
91.15989407, 1
91.19304823, 0
91.19329112, 1
91.22643706, 0
91.22663567, 1
91.25986599, 0
91.26010248, 1
91.29346925, 0
91.29387813, 1
91.32702393, 0
91.33034671, 1
91.36347851, 0
91.36373370, 1
91.39686611, 0
91.39715423, 1
91.43029652, 0
91.43446898, 1
91.46760798, 0
91.46781937, 1
91.50094820, 0
91.50391727, 1
91.53703175, 0
91.53723291, 1
91.57035533, 0
91.57248534, 1
91.60561381, 0
91.60584119, 1
91.63895572, 0
91.63917129, 1
91.67228684, 0
91.67252243, 1
91.70563715, 0
91.70583667, 1
91.73895238, 0
91.73918771, 1
91.77230116, 0
91.77351123, 1
91.80662482, 0
91.80683668, 1
91.83995130, 0
91.84135417, 1
91.87448225, 0
91.87621593, 1
91.90934338, 0
91.90957669, 1
91.94270502, 0
91.94842400, 1
91.98155410, 0
91.98181888, 1
92.01494656, 0
92.01576312, 1
92.04888686, 0
92.04985092, 1
92.08297384, 0
92.08320422, 1
92.11632698, 0
92.11766185, 1
92.15078590, 0
92.15099760, 1
92.18412090, 0
92.18433696, 1
92.21746011, 0
92.22126704, 1
92.25438110, 0
92.25460074, 1
92.28771453, 0
92.28830452, 1
92.32141840, 0
92.32268356, 1
92.35581184, 0
92.35602008, 1
92.38914890, 0
92.39622788, 1
92.42935591, 0
92.42956844, 1
92.46269962, 0
92.46298210, 1
92.49612768, 0
92.49894920, 1
92.53209556, 0
92.53281246, 1
92.56595815, 0
92.56867573, 1
92.60182223, 0
92.60368819, 1
92.63683678, 0
92.63704327, 1
92.67018930, 0
92.67041194, 1
92.70355960, 0
92.70381530, 1
92.73696303, 0
92.73741211, 1
92.77055983, 0
92.77082724, 1
92.80397471, 0
92.80419835, 1
92.83824430, 0
92.83849977, 1
92.87164703, 0
92.87190799, 1
92.90505488, 0
92.90533090, 1
92.93847971, 0
92.93870958, 1
92.97185646, 0
92.97240364, 1
93.00555199, 0
93.00578424, 1
93.03893149, 0
93.03920706, 1
93.07235456, 0
93.07341106, 1
93.10655845, 0
93.10680785, 1
93.13995616, 0
93.14016460, 1
93.17331171, 0
93.17351363, 1
93.20666113, 0
93.20691870, 1
93.24006737, 0
93.24155811, 1
93.27470601, 0
93.27612458, 1
93.30927547, 0
93.31378224, 1
93.34693421, 0
93.35151856, 1
93.38467067, 0
93.38486611, 1
93.41801684, 0
93.41938444, 1
94.52320112, 0
94.52381979, 1
94.55696601, 0
94.55715911, 1
94.59031069, 0
94.59052090, 1
94.62367228, 0
94.62385099, 1
94.65700198, 0
94.65718234, 1
94.69033344, 0
94.69538828, 1
94.72854233, 0
94.72923127, 1
94.76237657, 0
94.76288285, 1
94.79602914, 0
94.79798371, 1
94.83113005, 0
94.83131117, 1
94.86445703, 0
94.86516896, 1
94.89831484, 0
94.89850367, 1
94.93164958, 0
94.93187865, 1
94.96502507, 0
94.96522719, 1
94.99837297, 0
94.99855388, 1
